0.008310
0.026147
0.121420
0.044827
-0.010357
0.091100
-0.185498
0.141412
0.152696
0.124260
-0.109651
0.137722
-0.165767
-0.129062
0.024448
-0.061049
0.241366
-0.226968
-0.169193
-0.032562
-0.277605
-0.181642
0.179851
-0.018755
-0.091566
0.084280
-0.038976
-0.103504
-0.021528
-0.087620
-0.147660
-0.084657
-0.061786
0.008832
-0.021811
-0.059755
-0.141688
0.164282
-0.038261
-0.012432
0.016261
-0.018270
0.044333
0.130403
-0.140685
0.108224
-0.058245
0.178631
-0.179596
0.030794
0.144446
-0.045929
0.114392
-0.078222
0.025653
0.115170
0.046588
-0.153741
0.163595
0.043601
-0.029811
-0.037384
0.043838
-0.021199
-0.012843
0.116671
0.023490
0.065615
0.023182
-0.041126
0.068866
0.135752
0.131957
-0.009429
-0.149808
0.041017
0.005804
-0.012154
0.111682
-0.105983
-0.099623
-0.095812
-0.161672
-0.042751
-0.155934
-0.038627
0.088845
0.023092
-0.035096
0.128751
-0.125035
0.082005
-0.139106
0.004600
0.089144
0.066062
-0.090116
0.023625
0.039773
0.098855
0.065090
0.053809
-0.133472
-0.050399
-0.008744
0.059056
0.095088
0.086237
0.124841
0.120142
-0.165642
0.001811
-0.139153
0.118019
0.108009
-0.003584
-0.061824
-0.068767
0.152142
-0.111605
0.079536
0.064745
-0.079516
0.093080
-0.009496
-0.151011
0.089052
0.033317
-0.061796
0.019475
0.098600
0.048983
0.057993
0.120149
-0.086919
-0.031857
-0.027402
0.015602
-0.057027
0.113215
-0.079481
-0.036202
0.098456
0.043273
-0.020998
0.055136
-0.057173
-0.042220
-0.062639
0.101054
0.018512
0.107725
-0.120997
0.029189
-0.105287
-0.055549
-0.055533
0.032347
0.044438
0.009383
0.027977
0.035957
-0.022297
0.099755
-0.078432
-0.018131
-0.086095
-0.026373
-0.088433
-0.023797
0.083917
-0.051678
-0.018091
0.032817
-0.149852
0.038567
-0.026491
0.076373
0.137237
0.146661
0.029364
0.036146
-0.033455
-0.109101
0.017639
0.059455
0.016308
0.121441
-0.091988
0.063871
0.101390
-0.083298
0.091015
-0.101971
-0.029536
0.041122
0.020556
-0.095333
0.089140
0.081988
-0.093887
0.023777
0.029041
0.013399
0.070890
-0.086343
0.124562
0.009596
-0.087055
0.041483
-0.125808
0.097207
-0.020457
0.087411
0.058796
0.122646
0.048212
-0.093854
0.005594
-0.087985
0.030630
-0.048374
0.128425
0.080877
0.112304
0.023139
0.036634
0.019304
-0.104189
0.094954
0.029001
-0.020200
0.058519
-0.008673
-0.032554
-0.059055
-0.034391
0.075780
0.036966
-0.010797
-0.137586
0.096390
0.131737
0.096366
0.115010
-0.142470
-0.022527
-0.031707
-0.078856
0.074415
0.041604
-0.080791
-0.050473
0.005033
0.118266
-0.060424
0.127450
0.084171
0.147836
0.112415
-0.014494
0.007056
-0.043216
0.138948
0.105909
0.128546
-0.069258
0.085168
0.040723
0.031780
0.012914
0.091965
-0.005808
0.012356
-0.121079
-0.066422
-0.094877
0.070452
-0.105999
-0.007202
0.078546
-0.143522
-0.088630
-0.037441
0.019088
-0.101880
0.075956
-0.022098
0.086152
-0.121823
-0.043155
-0.138623
-0.126190
0.006630
-0.139799
-0.077333
0.040289
-0.081394
0.046673
-0.080447
-0.030477
0.023333
-0.100873
0.035770
-0.096799
0.045950
0.047114
0.097602
0.033497
0.009817
-0.055273
-0.016765
-0.082783
0.097522
-0.054083
-0.084023
-0.042572
0.063883
0.021520
0.083767
0.087385
-0.089692
0.069124
-0.084858
-0.030598
-0.032639
0.095136
0.025906
-0.049577
-0.059762
0.135088
0.017903
0.115923
0.165441
0.075932
-0.117403
0.098368
-0.207672
-0.094311
0.050512
-0.127731
0.202896
-0.084703
-0.187568
0.138648
-0.147625
0.067780
0.087031
-0.026877
-0.076079
0.055280
-0.074382
-0.106372
-0.071580
0.128827
-0.067527
0.080811
0.025134
-0.021536
-0.177732
-0.039412
-0.083250
0.023094
-0.059810
-0.133476
-0.033977
-0.147558
0.129245
0.088702
0.130364
-0.022240
0.030198
0.086950
0.160266
0.098062
-0.065703
-0.183668
0.153141
-0.071636
0.126406
0.125125
0.015925
0.096777
0.053273
-0.139559
-0.021161
-0.060110
0.157192
-0.143739
-0.030929
0.138826
0.094211
-0.079233
0.002765
0.140609
0.095529
0.061071
0.060901
-0.004491
-0.128769
-0.073331
-0.029050
-0.122913
0.008173
-0.094169
-0.047283
0.009863
-0.112289
0.005385
0.094766
-0.019967
0.139134
0.125993
0.081061
-0.014390
-0.048799
-0.020573
-0.008335
0.050660
0.029920
-0.054327
-0.016795
-0.055960
-0.135993
0.064695
-0.115662
0.117494
-0.000893
-0.090404
0.061295
-0.067298
-0.039609
0.098490
-0.060289
-0.075713
-0.105634
-0.064343
-0.071928
-0.070508
0.136237
0.069011
0.000609
0.033662
0.111683
0.098608
-0.003566
-0.023468
-0.009540
-0.059294
-0.144046
-0.164299
0.091870
0.022587
0.100789
0.131227
-0.061553
0.073917
0.091909
0.109879
-0.093059
0.125719
-0.092304
-0.029433
-0.012775
0.112892
0.113614
0.093803
-0.008571
-0.044609
0.141685
0.025027
-0.020117
-0.089759
-0.014431
0.080160
0.136392
-0.064506
-0.094666
-0.113374
-0.021451
-0.134387
-0.073808
-0.040319
-0.077877
-0.012199
0.126295
-0.074164
0.000950
-0.023668
-0.006570
0.065488
0.005074
-0.056570
-0.016138
-0.048421
-0.008653
0.057293
-0.083130
-0.077620
-0.150903
-0.054859
0.078459
-0.058343
0.067066
0.120095
0.081929
0.095470
0.125063
0.118938
0.001285
-0.057006
-0.045791
0.125811
0.059518
-0.027973
0.083419
-0.079577
0.130226
0.081739
0.113448
0.035357
0.111690
0.018023
-0.035146
0.027324
-0.031519
0.026075
-0.047779
0.007500
0.122248
-0.144575
0.041043
0.033930
0.047408
0.048468
0.048169
-0.045058
0.126766
-0.075737
0.155477
0.123378
0.006371
-0.034841
-0.100468
-0.023634
0.079126
0.110473
-0.000968
-0.043832
0.036898
-0.008636
-0.051658
-0.004196
0.085354
0.036644
-0.084467
-0.116287
0.117112
0.044126
-0.048198
0.058600
0.079248
0.023345
-0.112528
-0.128795
0.116703
-0.056431
0.008929
-0.117872
-0.032685
-0.109381
-0.006064
-0.020369
-0.000100
0.022643
-0.017165
0.063111
0.097145
-0.062662
0.033439
-0.036590
0.074903
0.092315
0.088852
0.040297
-0.011233
-0.105400
-0.119021
0.083798
0.128986
-0.058158
0.034639
-0.068095
0.040440
-0.101362
0.069995
-0.014276
-0.045078
0.036823
0.031819
0.015517
0.144128
-0.093604
0.011265
0.073349
-0.080852
-0.094100
0.015021
-0.113910
0.092162
-0.015154
0.022986
-0.034294
0.001813
-0.046773
-0.028147
-0.088146
-0.106127
0.026281
0.074591
-0.133376
0.017377
0.048227
0.057616
0.139287
-0.087559
0.003906
-0.109663
-0.117262
-0.044195
0.034054
-0.055108
-0.000668
0.033820
0.079051
-0.012984
-0.026924
-0.000092
0.050388
0.045671
0.137920
0.020887
-0.083565
0.043344
0.078776
0.117559
0.044620
-0.122249
-0.077822
-0.082901
0.118909
0.100387
-0.074192
0.130715
-0.021332
0.161103
0.004218
-0.041603
0.088743
0.039710
-0.016017
0.157810
-0.142219
-0.037994
-0.041740
-0.139186
0.155142
-0.169680
0.066546
0.014866
0.113580
-0.174817
-0.048020
0.114503
-0.053086
-0.053105
0.070692
-0.143434
-0.093827
-0.127015
0.093325
0.063481
-0.045662
-0.061608
-0.177722
0.122639
-0.014613
0.113613
-0.065819
-0.141478
0.010243
-0.108435
0.065671
0.164660
0.015655
0.105910
0.065487
-0.154673
-0.132186
-0.031567
-0.039142
-0.134562
0.095890
-0.136953
0.001077
0.125799
0.031918
0.000238
0.045794
0.110656
-0.144033
-0.070089
-0.019386
-0.000010
0.110878
0.097081
0.054185
-0.074933
0.116266
-0.058077
0.078864
-0.105633
-0.104277
0.029937
-0.092734
-0.081009
-0.123484
-0.140118
-0.004565
0.052627
0.035635
-0.140848
-0.076748
0.033129
0.068607
0.007844
0.031324
0.047261
-0.146124
0.074427
-0.102010
0.012135
-0.083337
-0.149466
-0.011555
0.141039
0.107618
0.034235
0.001556
0.123767
-0.061184
0.056028
0.001684
0.064555
0.134693
-0.132580
0.036565
0.072679
0.061963
0.131511
-0.047526
0.061558
-0.119399
-0.111002
0.121443
0.031868
-0.001348
0.012348
0.083161
0.060344
0.118721
-0.000208
0.088807
0.005975
-0.060055
-0.059342
0.117645
-0.000000
0.022097
-0.002282
-0.069478
0.022917
-0.004630
0.067487
-0.085172
-0.019197
-0.080921
0.079818
0.081405
0.089426
-0.012481
-0.040199
-0.015750
0.075495
-0.022930
-0.103250
-0.003275
0.082366
0.098800
-0.134376
-0.067095
0.109271
0.004005
0.089601
-0.133858
-0.112839
-0.026014
0.018108
0.052070
0.009382
0.114650
-0.003002
0.015154
-0.078817
-0.064375
0.078967
-0.103300
0.029456
0.123888
0.010746
0.120386
0.117605
-0.010401
0.088370
-0.001374
0.073355
-0.052171
-0.057309
0.065109
0.109635
0.092549
0.052232
0.051977
0.048547
0.017958
0.000105
-0.101282
0.061288
-0.010967
-0.100840
-0.035596
0.000010
0.101459
-0.093555
0.007225
-0.031822
0.100977
-0.048347
-0.102153
-0.013730
-0.125014
0.043568
0.014566
0.073351
0.066122
-0.033211
0.104017
0.017726
0.015272
-0.119821
-0.129647
0.008145
0.098779
-0.042416
0.069800
0.128059
0.005456
0.122195
-0.093297
-0.046335
0.060888
0.010684
-0.086079
0.125377
0.068693
0.008939
-0.027697
-0.082798
0.109788
-0.101433
0.046527
-0.098983
0.009860
-0.112350
-0.097257
-0.046447
0.004869
0.118777
-0.048972
-0.087608
-0.116105
-0.039613
0.133325
0.038181
0.108358
-0.092920
-0.061839
-0.090012
-0.059996
-0.000010
0.017973
-0.062002
-0.120952
0.029967
-0.042213
0.000003
0.062343
-0.002039
0.040325
0.117076
0.070814
0.075595
0.059826
0.070449
-0.089790
-0.083106
0.099142
-0.036022
0.047727
-0.126529
0.129829
-0.039662
0.046893
0.000915
-0.006169
0.109220
-0.048004
0.075033
-0.045665
0.068341
-0.004625
0.110244
-0.054365
0.037661
0.076112
-0.062895
0.060660
0.088605
0.082848
-0.110663
-0.087482
-0.002147
-0.114985
0.075401
-0.069305
-0.121505
-0.105469
-0.008074
0.110450
-0.019763
-0.001001
-0.101336
0.026716
0.063338
0.002929
0.022812
0.112580
0.028905
-0.076048
0.103153
0.083633
-0.129315
0.053996
-0.000012
0.101192
-0.040410
-0.117419
-0.097727
-0.053461
0.000000
-0.019995
-0.106603
0.087871
0.041119
-0.007080
0.123748
-0.092250
-0.000426
0.112613
-0.028769
-0.006958
-0.008873
0.075674
0.140345
-0.031605
-0.145830
0.074485
-0.078674
-0.074175
0.046291
-0.070300
0.121582
-0.157339
-0.151734
0.016727
0.065834
-0.143546
-0.083142
0.041687
-0.136764
-0.057011
-0.010334
-0.124676
0.015478
0.092558
0.028679
0.103274
-0.022206
0.110837
0.029090
0.047807
-0.105599
0.055652
-0.097072
-0.151127
-0.005607
-0.042469
0.034618
0.143083
-0.104653
0.006887
0.004945
-0.087359
-0.126214
0.040118
0.152728
-0.091710
-0.055906
-0.165592
-0.069493
-0.103561
0.125630
0.030007
0.137975
0.078496
0.068077
-0.166054
0.042742
-0.117854
0.124796
0.064296
-0.037403
0.119819
0.125531
-0.025289
-0.139711
0.053245
0.139476
-0.025459
0.003358
0.115955
0.122350
0.077656
0.069058
0.012149
-0.065293
-0.089096
0.070681
0.029155
-0.035259
0.109163
-0.068114
0.023303
-0.020063
0.078611
-0.052645
-0.079778
-0.129866
0.007492
0.026661
-0.070945
0.094815
0.059078
0.107451
0.067358
0.042031
0.008053
-0.085557
-0.062888
-0.012857
-0.016209
0.102913
-0.091632
0.085164
0.101786
-0.042314
-0.038830
-0.062614
0.135743
-0.007191
0.014379
0.106933
-0.100216
0.118130
0.013133
-0.055780
-0.064795
0.045857
0.050409
-0.086330
-0.037546
0.050961
-0.134192
0.018093
0.073766
0.119041
-0.110400
-0.106239
0.001046
-0.078153
0.011336
0.112726
0.113473
0.050219
0.035657
0.074244
-0.127413
0.023236
0.027197
-0.088782
0.106395
-0.114172
0.095368
0.082579
-0.061125
0.141991
0.127757
0.043405
-0.040822
-0.113331
-0.124588
0.000198
0.034010
0.033178
0.110053
0.094347
0.125554
-0.087785
-0.064304
-0.098970
0.055071
-0.075157
0.075304
0.109845
-0.060501
0.075083
0.048808
0.022879
-0.015321
-0.088362
-0.092215
-0.045684
-0.018747
0.069235
0.115168
0.048404
0.033009
0.016630
-0.044713
0.103005
0.156260
-0.080657
-0.043758
-0.063171
0.006782
0.113660
-0.005935
-0.056750
0.112764
0.096634
-0.081607
-0.008186
0.047859
-0.030202
0.079270
-0.103764
0.083112
-0.106955
-0.103091
0.049599
-0.124958
-0.034079
-0.008308
-0.064891
0.078129
-0.115738
0.076778
0.038242
-0.029348
0.095550
-0.067438
-0.077062
-0.072846
0.012261
0.117897
-0.064632
0.177845
0.036021
0.069421
-0.014227
-0.043359
-0.033067
-0.047708
-0.033322
-0.100624
-0.128892
-0.134296
0.088517
-0.073992
0.051803
-0.034758
0.163816
-0.097691
-0.103443
-0.023327
0.002736
0.025900
-0.048917
-0.063132
0.052033
-0.119237
0.027840
0.120824
0.057415
0.175771
0.127984
0.088481
0.064584
-0.061607
-0.105701
-0.017773
0.054584
-0.074989
0.091751
0.084674
0.007506
-0.071565
-0.065036
-0.076842
-0.099243
0.107209
0.062901
0.040915
0.052301
-0.050562
0.086804
-0.120500
-0.062742
-0.094131
-0.071977
-0.091962
-0.032400
0.058042
0.122679
0.085831
-0.034603
0.109114
-0.127282
-0.002553
-0.087075
0.117705
0.056450
-0.063786
0.116695
-0.093504
-0.005884
-0.088836
0.101879
0.062916
-0.121030
-0.085152
0.068355
-0.017504
0.080863
-0.105057
0.136844
-0.117982
-0.072707
-0.075387
-0.051502
-0.026696
-0.089733
-0.019222
0.105887
-0.049920
0.134435
-0.093190
0.069653
-0.013080
0.060235
0.001223
0.069150
-0.047929
-0.068651
0.111477
-0.038748
0.117622
0.065585
-0.102955
-0.080735
